367
1048
1079
1074
1098
1085
1079
1077
1084
1085
1080
1090
1077
32
1086
1090
1085
1086
1074
1086
32
1072
1090
1072
1082
1091
1074
1072
1090
32
1047
1077
1084
1103
1090
1072
32
33
32
1058
1080
32
1089
1080
32
1087
1080
1083
1086
1090
1098
1090
44
13
10
1080
1079
1087
1088
1072
1090
1077
1085
32
1076
1072
32
1075
1080
32
1089
1087
1088
1077
1096
32
1079
1072
32
1086
1087
1088
1077
1076
1077
1083
1077
1085
1086
32
1074
1088
1077
1084
1077
44
32
1076
1086
1082
1072
1090
1086
32
1076
1086
1081
1076
1077
13
10
1087
1086
1084
1086
1097
1090
1072
46
32
1059
1087
1088
1072
1074
1083
1103
1074
1072
1081
32
1089
32
81
44
32
87
44
32
69
44
32
65
44
32
68
44
32
90
44
32
88
44
32
67
32
32
1080
32
1089
1090
1088
1077
1083
1103
1081
32
1089
32
83
32
33
13
10
1050
1086
1075
1072
1090
1086
32
1091
1085
1080
1097
1086
1078
1080
1096
32
1080
1079
1074
1098
1085
1079
1077
1084
1077
1085
32
1082
1086
1088
1072
1073
32
1086
1090
32
1085
1077
1075
1086
32
1084
1086
1078
1077
32
1076
1072
32
1080
1079
1087
1072
1076
1085
1077
13
10
1088
1086
1073
1086
1090
44
32
1082
1086
1081
1090
1086
32
1084
1086
1078
1077
32
1076
1072
32
1088
1077
1084
1086
1085
1090
1080
1088
1072
32
1090
1074
1086
1103
32
1080
1079
1090
1088
1077
1073
1080
1090
1077
1083
44
32
1072
1082
1086
32
1075
1086
13
10
1093
1074
1072
1085
1077
1096
46
32
1040
1082
1086
32
1091
1076
1098
1088
1078
1080
1096
32
1076
1086
1082
1072
1090
1086
32
1080
1079
1090
1077
1095
1077
32
1074
1088
1077
1084
1077
1090
1086
44
32
1097
1077
32
1089
1087
1072
1089
1080
1096
13
10
1088
1086
1076
1085
1072
1090
1072
32
1087
1083
1072
1085
1077
1090
1072
46
32
32
13
10
9
9
9
13
10
32
0
